<concordantmodes.zmat.Zmat object at 0x7f3d2b975640>
[[ 0.          0.          0.13335323]
 [ 0.88154765 -1.52688532 -0.61761883]
 [ 0.88154765  1.52688532 -0.61761883]
 [-1.76309531  0.         -0.61761883]]
Initial Geometric Internal Coordinate Values:
['1' '2'] R1 = 1.916367416377316
['1' '3'] R2 = 1.916367416377316
['1' '4'] R3 = 1.9163674248548057
['2' '1' '3'] A1 = 105.64366038922566
['2' '1' '4'] A2 = 105.64366041619729
['3' '1' '4'] A3 = 105.64366041619729
['4' '1' '2' '3'] O1 = -63.49805898949017
['3' '1' '2' '4'] O2 = 63.49805900463742
['2' '1' '3' '4'] O3 = -63.49805900463742
Final Geometric Internal Coordinate Values:
['1' '2'] R1 = 1.916367416377316
['1' '3'] R2 = 1.916367416377316
['1' '4'] R3 = 1.9163674248548057
['2' '1' '3'] A1 = 105.64366038922566
['2' '1' '4'] A2 = 105.64366041619729
['3' '1' '4'] A3 = 105.64366041619729
['4' '1' '2' '3'] O1 = -63.49805898949017
['3' '1' '2' '4'] O2 = 63.49805900463742
['2' '1' '3' '4'] O3 = -63.49805900463742
Final - Initial Geometric Internal Coordinate Values:
R1 = 0.0
R2 = 0.0
R3 = 0.0
A1 = 0.0
A2 = 0.0
A3 = 0.0
O1 = 0.0
O2 = 0.0
O3 = 0.0
proj singular values:
[2.64942203e+00 1.73340969e+00 1.73340968e+00 1.03282891e+00
 9.50848057e-01 9.50848055e-01 1.64316927e-16 9.26349641e-17
 4.24972941e-17]
The proj
[[ 0.14852746 -0.3291586   0.57011988 -0.55791839 -0.24149775 -0.41828631
   0.          0.          0.        ]
 [ 0.14852746 -0.329159   -0.57011965 -0.55791839 -0.2414977   0.41828634
   0.          0.          0.        ]
 [ 0.14852746  0.6583176   0.         -0.55791839  0.48299545  0.
   0.          0.          0.        ]
 [-0.23900037  0.42112908  0.         -0.06362601 -0.5739944   0.
  -0.23163729 -0.59823889 -0.14305828]
 [-0.23900037 -0.21056467 -0.36470841 -0.063626    0.28699717 -0.49709376
  -0.6270044  -0.11659189  0.15900656]
 [-0.23900037 -0.21056441  0.36470855 -0.063626    0.28699724  0.49709372
  -0.42625589 -0.03698313 -0.49894833]
 [-0.50413466 -0.23650561  0.         -0.13420931  0.3223546   0.
   0.55323044 -0.50020139  0.10827456]
 [ 0.50413466 -0.11825287 -0.20481982  0.13420931  0.16117728 -0.27916728
   0.15077228 -0.35743393 -0.64614041]
 [-0.50413466  0.11825273 -0.2048199  -0.13420931 -0.16117732 -0.27916726
   0.20668663  0.4991877  -0.5254341 ]]
Traceback (most recent call last):
  File "/home/vulcan/nlk36701/github/concordantmodes/examples/3_Ammonia/molpro/CMA1/nosym/main.py", line 28, in <module>
    CMA_obj.run()
  File "/home/vulcan/nlk36701/github/concordantmodes/concordantmodes/cma.py", line 94, in run
    s_vec.run(
  File "/home/vulcan/nlk36701/github/concordantmodes/concordantmodes/s_vectors.py", line 557, in run
    print(stop)
NameError: name 'stop' is not defined
