MIN6
C
C 1 B1
C 2 B2 1 A2
O 2 B3 1 A3 3 D3
O 4 B4 2 A4 1 D4
H 1 B5 2 A5 3 D5
H 1 B6 2 A6 3 D6
H 1 B7 2 A7 3 D7
H 3 B8 2 A8 1 D8
H 3 B9 2 A9 1 D9
H 3 B10 2 A10 1 D10
H 5 B11 4 A11 2 D11

A10       =  110.5720000000
A11       =   99.3928000000
A2        =  120.4590000000
A3        =  108.9090000000
A4        =  109.5670000000
A5        =  109.8050000000
A6        =  110.9170000000
A7        =  111.4630000000
A8        =  111.5420000000
A9        =  109.6460000000
B1        =    1.4954100000
B10       =    1.1002000000
B11       =    0.9666520000
B2        =    1.4956600000
B3        =    1.3825800000
B4        =    1.4601500000
B5        =    1.0907700000
B6        =    1.0908500000
B7        =    1.0992500000
B8        =    1.0881200000
B9        =    1.0907300000
D10       =   71.1850000000
D11       =  -93.9876000000
D3        =  140.9540000000
D4        =  170.5030000000
D5        =   50.9782000000
D6        =  171.4400000000
D7        =  -68.3505000000
D8        = -168.8220000000
D9        =  -47.8210000000

*CFOUR(REF=UHF
       CALC=CCSD(T)
       VIB=FINDIF
       BASIS=cc-pVDZ
       ORB=SEMICANONICAL
       MEMORY=14
       MEM_UNIT=GB
       SCF_CONV=9
       CC_CONV=6
       CHARGE=0
       MULT=2)


